29240713
29879960
29879965
29879976
29879991
109046600
109046607
109217236
109350367
109350370
110238537
111051428
111051429
111051430
111295283
111788768
111788769
111791810
113569992
115433890
115433892
115433894
115811575
115940741
130217232
130217272
130217278
130217292
130217304
130218133
130219782
130219800
130226865
130226909
130226914
130227174
130227181
130227184
130227186
130227570
130227602
130227606
130228658
130228681
130228731
144521362
171243913
171243946
171243959
171243966
171243972
171243999
171244006
171244009
171244020
171244026
171244678
171244681
171244685
183177198
183177205
183177208
183177223
183177224
183589641
183589643
186353863
186353866
215401328
215401329
215401760
215493318
215494622
216494214
216494216
216494217
216496727
216496728
216496729
216499465
216499466
252454259
252455519
253924333
263348975
263350081
308250142
308250143
308250145
308250146
330333427
331980627
331980628
371703955
371703956
371703957
371703960
371703961
371703962
371703963
371703964
371705046
371705648
371755143
371755146
371755147
371755148
377942242
378446410
378922486
380776662
380985214
381170816
381170817
381170819
381170820
381170826
381170827
381170828
381170832
381170834
381181434
381181435
381181436
381181438
381181439
381181440
381181441
381181442
381181443
381181445
381181446
381195460
381195461
381195462
381195463
381195464
381195465
381195466
381195467
381195468
381195469
381195470
381195473
381195474
381195476
381195660
381195661
381195662
381200261
381200262
381413095
381413104
381413113
381413116
381413117
381413119
381413123
381417052
381417053
381441110
381441112
381441113
381441114
381441115
381441116
381441117
381441118
381441119
381441120
381441121
381441122
381441123
381441124
381441125
381441126
381441127
381441128
381441129
381441130
381441131
381441132
381441133
381441134
381684951
381684952
381684954
381684956
381684957
381684958
381684959
381684960
381684961
381684962
381684964
381684965
381684966
381684967
381684969
381684971
381684972
381684973
381684975
381684976
381684978
381684979
381684981
381684982
381684983
381684984
381684985
381684986
381684992
381684993
381684994
381684996
381684998
381684999
381685000
381685001
381685002
381685003
381685004
381685008
381685011
381685013
381685014
381685016
381685019
381685020
381685021
381688419
381688421
381688422
381694742
381694743
381694744
381694745
381694746
381694747
381694748
381720796
381720797
381720802
381850778
381850779
381850781
381876317
381876477
381942924
381942925
381942926
382184558
382184561
382184562
382184563
382184567
382184571
382184572
382193322
382193323
382193324
382193326
382193328
382193329
382193330
382193331
382193332
382222854
382222855
382222857
382225448
382225449
382225450
382225451
385069804
385069810
385069812
385069813
385069816
393626096
399248263
413649060
413674733
415419719
423408250
423528899
423528900
423528905
423528907
423528908
441870790
448766517
448766518
448766519
454883726
468731379
468731380
475559583
483433690
498283683
510205895
539020831
544693854
544693856
544693858
544693860
546006402
546972884
546972885
547921225
547921226
547921229
547921230
547921232
547921233
547921234
548313699
548313706
548313711
548313713
548313718
548316923
548493142
548493145
548493149
548493151
548661538
548661539
548661540
548661541
548661542
549551236
549551244
549551245
549551246
549551247
549699873
549699875
552843943
553680546
553680547
553680548
553680549
553680758
553680759
557168442
557558596
557829447
558421464
558421465
558421468
558421469
558421470
558421471
558421489
558711042
558711043
558711044
558711045
558711046
558950195
558950196
558950197
560923201
560923202
563498979
564228958
564228979
570582624
575913382
575913384
581787221
581787222
581787223
581787224
581787225
583637934
583637935
583637936
585856137
586049622
586121356
586121364
586123196
586123659
587670350
587670351
587691020
587700105
587700113
587703098
587768576
587770469
587770470
587770471
587770485
590719799
590719803
590719806
596869267
623079208
623079219
623079220
623079221
623079222
623079226
623079228
623079229
623079231
623079232
623079233
623079234
623079235
623079236
624757344
624761908
624761910
624761911
624761912
624761918
624761919
624764233
626205552
626205557
626205563
626205564
626205565
626205566
626205567
626205568
626205569
626205570
636826009
636826407
636829533
636829534
636833190
636833191
636834241
639551577
640270401
640270403
640270405
640270406
644899549
19805219
39094398
39094768
67125192
380766833
407237542
423378497
426072744
434855734
434855759
471363230
548679615
548679620
548680256
566566165
568702011
624757336
645888093
645940533
646313716
646476216
646479289
646705850
647333757
647432537
647432855
647621475
647621853
647630641
647634923
647691049
61578825
61578828
61578829
62156664
67125189
67125191
67125738
76202653
76816026
380766849
380967085
380985209
420042387
467722121
548679490
548679619
566567288
569863624
646310794
647326088
647541217
647541888
647687024
24988703
61578826
61578882
61578883
62156625
62156646
383395623
434855824
434855849
61568826
61578879
61578880
76202654
77458330
380967086
434855818
434872501
61568827
254876966
423592316
434855847
61578832
62162103
61578831
61578824
647683468
