25997863
26489397
27734342
27734348
27735035
28417674
28417680
35983461
35983462
35983463
35983465
35983466
35983467
35983468
35983469
35983471
35983473
35983481
35983482
35993718
35993719
35993720
35993721
35993722
35993723
35993724
35993726
35993727
35993728
35993729
35993730
35993731
35993733
35993734
35993735
35993736
35993737
35993738
35993739
35993745
35993747
35993748
35993749
36073748
36073749
36073752
36073754
36073756
36073757
36073761
36073764
36073765
36073767
36112726
36112727
36112728
36112730
36112731
36112733
36112735
36114177
36114179
36114180
36114187
36114188
36114192
36114193
36114197
36213478
36213497
36213498
36237711
37092547
37092548
37092549
37092550
37092551
47361152
47361158
47361159
47361161
47361162
47403141
47574833
47747066
47747067
47747069
47747072
47747075
47747079
47747081
47747091
47796919
47796922
47876569
47876573
47876575
47876579
47876581
47876582
47876585
47969136
47996574
48029039
48033613
48035076
48035795
48035796
48036489
48036857
48037100
48111018
48111019
48111155
48111156
48115393
48115619
48115623
48115624
48115625
48116286
48116290
48116291
48116292
48116293
48117083
48117084
48117085
48117307
48122181
48126626
48126628
48126630
48128897
48128900
48131767
48131768
48131769
48131771
48131773
48175310
51768255
57941467
57941470
57941473
58064871
58069726
58069878
58071302
58071304
58071748
58071750
64891774
64891784
72665071
72665073
72666338
72666339
72666915
72671472
72671478
72671479
72959100
72981333
72981334
72986438
72993365
72995007
72995008
72995010
72998290
73001713
73001719
73004091
73004093
73013057
73013058
73016871
73182930
73202258
73202261
73202263
73202264
73202265
73202266
73202268
73202269
73202271
73202273
73202274
73202275
78498905
78498906
78498907
78498908
84830299
84830306
84831869
84831967
84831969
84831995
84831997
84831998
84831999
84832000
84832545
84832657
84832658
84838278
84838280
84838281
84842197
84842198
85128867
86577333
86577339
88456792
89194042
89559623
89559653
95073075
95073076
95182583
125629106
131284848
131284853
131284854
134663667
134758797
134758798
134758800
134758801
134758802
134758806
134758807
134758808
135274312
135274317
135274318
138101262
138101263
138101483
138101484
138101486
143670059
143670061
143670062
143670063
159621181
159621184
159621185
159621187
159621188
159621189
159621191
159628348
159628350
159628351
159628353
160063533
160063534
165154351
165154352
165154353
165154354
165367156
165374195
166806464
166806467
166806470
169697477
169697484
172117900
172122255
172122256
172122257
172122258
172122259
172122260
172122261
172122262
172122263
172134814
172134815
172134816
172134817
172134818
172134819
172134820
172134821
172134822
172134823
172134824
172134825
172134826
172134827
172134828
172134829
172134830
172134831
172134832
172134833
172134834
172134836
172134838
172134839
172134840
172134841
172134842
172134843
172134845
172484253
172484255
172484256
172484257
172484258
172484259
172484260
172484261
172484262
172484263
172484264
172484265
172484267
172484268
172484269
172484271
172484275
172484276
172484277
172484278
172484279
172484280
172485011
172485013
172485014
172485015
172485016
172485020
172485021
172485022
172485023
172485024
172485025
172485026
172485027
172485028
172485029
172485030
172485031
172485032
172485033
172486337
172486338
172486339
172624174
172624176
172634510
176395973
176395974
186769054
197285545
197305225
197309128
197309130
204622635
204622638
204623925
204623926
204624710
204624711
216007396
216029531
216078593
216242168
216243961
220187974
220964183
220964184
220964185
220964186
222975345
222975346
222975347
222975348
222975349
222975350
222975351
222975352
222975353
222975354
222975355
222976857
222976867
222976868
222976869
222977390
222977391
222977392
222978093
222978094
222978230
222978235
222978255
222978256
222978257
222978258
222978259
222978670
222978671
222978884
222978885
223085704
223085705
223085707
223085710
223085711
223085713
223578145
223580704
223622369
223622371
223622712
223623014
223623575
223769130
223771346
223982232
231287274
247836468
253332369
268525748
276955834
276955840
276955842
277004626
277004627
282689550
282689577
282689591
282689593
283109568
283907969
283907982
283914243
283914245
286676031
286676032
295493493
297011453
297677279
297677281
297677283
297677285
297677287
297677288
297677289
297677291
297677293
297679211
297679212
297679219
297679222
297679223
298988637
299597768
299597777
299611498
299611499
300727641
300727644
300729615
300729616
306208153
306208154
306208155
306213211
306213212
306213213
306213214
306213215
306213216
306213217
306213218
306329738
306329742
306329743
306329747
306361797
306361799
306361800
306483077
306483078
306483079
306483080
306483081
306483082
306788620
306788621
306788622
306788623
306788624
306788625
306788626
306788627
306788628
306788629
306788630
306788631
306788632
306788633
306832088
306832090
306832091
306832092
306832093
306832094
306832097
307290341
307290342
307290343
307290344
307290345
307290346
307290347
307290348
307290349
307290350
307290351
307290352
307290353
307290354
307290355
307292354
307292355
307292356
307292358
307292359
307292360
307292361
307292362
307292364
307292365
307292367
307292368
307292369
307292371
307292372
307292373
307292375
307292376
307292377
307292379
307292380
307292381
307292382
307292384
307292385
307292386
307292387
307292388
307292389
307292391
307292392
307292393
307292395
307292396
307292397
307292399
307292401
307292402
307292404
307294428
307294430
307294431
307294441
307294447
307294448
307294450
307294451
307294454
307294461
307394100
307394101
307394103
307394106
307394107
307394110
307394113
307394117
307394118
307394119
307394121
307394122
307394123
307394124
307412947
307412948
307412949
307412950
307412952
307412954
307412955
307412956
307412957
307412958
307412959
307412960
307412964
307412965
307412966
307412967
307414045
307414046
307414047
307414048
307414049
307414050
307414051
307414052
307414053
307414054
307414055
307414056
307414057
307414058
307414059
307414060
307415653
307415654
307415655
307415656
307415659
307415661
307415663
307415666
307415668
307415669
307415671
307415673
307415676
307415678
307415681
307415684
307415686
307416336
307416337
307416338
307416339
307416340
307416341
307416342
307416343
307416344
307416727
307416728
307416759
307417053
316347806
316348441
318154147
318154148
318154149
318154150
318154151
318154152
318154153
318154154
318154155
318154156
318154157
318154158
318154159
318154160
318154161
318154162
318154163
318154164
318154165
318154166
318154167
318154168
318154169
318154170
318154171
318154172
318154173
318154174
318154176
318154177
318154178
318154180
318167843
318167846
318167952
318167953
318168451
318168452
318176507
318176508
318176509
318176510
318176511
318176512
318176513
318176514
318176515
318176516
318176517
318176518
318181814
318181815
318181816
318181817
318181818
318181819
318181820
318181821
318181822
318181823
318181824
318181825
318181826
318181827
318181828
318181829
318181830
318181831
318181832
318181833
318181834
318181835
318181836
318181837
318181838
318181839
318181840
318181841
318181842
318181843
318181844
318182136
318182137
318182138
318182139
318468254
318468255
318468256
318468257
318468258
318468259
318468260
318468261
318468262
318468263
319050346
319050348
319050350
319050354
319050356
319050358
319050360
319050362
319050364
319050366
319050369
319050373
319053684
319053685
319053686
319053688
319056142
319057472
319057473
319057474
319057475
319057476
319057477
319057478
319057479
319057480
319057481
319057482
319057483
319057485
319057486
319057487
319057488
319057489
319225644
319347058
319347059
319347060
319347063
319347065
319347066
319347067
319347068
319347070
319347073
319347074
319347075
319347076
319347077
319513905
320151575
320151576
320151578
320151579
320151580
320151581
320151582
320151584
320151586
320151587
320151591
320151592
320151593
320151597
320151601
320151602
320151603
320151906
322576787
322576878
322577551
322577678
322577679
322577680
323914529
323930972
323930974
323930976
323930977
328302480
328302481
328302483
328302484
328302485
328302487
328302491
328302493
328302500
328302502
328302505
328302507
328302508
328302509
328302510
328302511
328303628
328303629
328303658
330742545
330742546
330742547
330742550
330742551
330742554
330742556
330742560
330742561
330742562
330742563
330742569
330742573
330742574
330742577
330742796
331356042
331634340
331634341
331634342
331634343
331634344
331634345
331634346
331634347
331634348
331634349
331634350
331634351
332208019
332208024
332208025
332208028
332208029
332208030
332208032
332254832
332254833
332254834
332254835
332254836
332254837
332254838
332254839
332254841
332254842
332254843
332254844
332254845
332254846
332254847
332383720
332383721
332383722
332383723
332383724
332383725
332383726
332383727
332383728
332383729
332383730
332383731
332383732
332383733
332383734
332383735
332383736
332383737
332383738
332383739
332383740
332383741
332383742
332383743
332383744
332383745
332383746
332383747
332383748
332383749
332386606
332386608
332386609
332386610
332386611
332386612
332386613
332386614
332386615
332386616
332386617
332386618
332386619
332386620
332386621
332386622
332386623
332386624
332386625
332386626
332386627
332386628
332386629
332386630
332386631
332386632
332386633
332386634
332386757
332386758
332386759
332386760
332386761
332386762
332386763
332386764
332388901
332388902
332388903
332388904
332388905
332388906
332388907
332388908
332388909
332388910
332388911
332388912
332388913
332388914
332388916
332388917
332388918
332388919
332388920
332528084
332528085
332528086
332528088
332528089
332528090
332528091
332528092
332528093
332528094
332528095
332528096
332528097
332528098
332528099
332528100
332528101
332528102
332528103
332528104
332528106
332531535
332531536
332531537
332531540
332531541
332531543
332609907
332609908
332609909
332609910
332609911
332609912
332609913
332609914
332609915
332609916
332609917
332609918
332609919
332609920
332609921
332789018
332789019
332789020
332789023
332789028
332789029
332789032
332789033
332789034
332789036
332789037
332789040
332789041
332789045
332789046
332789052
332789054
332805392
332805394
332805397
332805401
332805403
332805404
332826497
332826506
332826509
332826511
333249488
333249491
333410243
333410244
333410245
333410246
333410247
333410248
333410249
333410250
333410251
333410252
333410253
333410254
333410256
333410257
333410258
333410259
333410260
333410261
333410262
333770766
340589457
342385727
350860295
350860296
350860297
350860298
350862359
350862366
350874260
350999196
350999197
350999198
350999200
350999201
352022392
352846159
352846160
352846161
352846162
352846164
352846165
352846166
353112000
353119149
353120878
353120879
353173721
353173722
353173723
353189808
353201123
353201126
353201129
353201131
353201135
353202035
353207332
353207333
353207334
353219555
353219556
353420624
354773328
354773329
354773330
354773331
354773333
354773334
354782635
354868645
354868648
354946813
354946814
354946815
354946816
354946817
354946818
354946819
354946823
354946824
354946825
354946826
354946827
354960504
354965140
355131831
355131832
355131833
355131834
355131835
355133463
355235659
359229578
359229579
359229580
359229581
359229582
359229583
362345794
362345795
362345796
362345798
367350953
368181346
369320890
369320892
369320893
369320894
369320896
375640469
375770988
378842609
378844213
378844215
378845338
378845341
378845343
379732490
379732493
379732495
379732497
379732504
379732509
379842841
380320014
380320015
380320016
380502237
380502240
380502244
380502246
381630850
381630853
381630855
381630857
381630858
381630860
381648564
381648565
381648567
381661097
381881173
381920992
381920993
381920994
381943222
381943224
382210036
382210037
382210040
382210041
382210043
382210044
382210047
382223381
382223383
382223384
382223385
382223389
382223393
382223394
382223396
383242158
383242159
383242160
383242162
383242163
383242164
383242165
383242166
383242168
383242170
383242171
383242173
383242174
383242175
383242176
383242177
383242178
383242179
383242180
383242181
383242182
383242183
383242184
383242185
383397080
383401821
383401822
383401823
383401824
383401825
383401826
383427453
383427456
383427457
383427459
383427462
383427463
383427464
383427465
383427466
383427467
383430739
383562676
383562677
383562678
383562679
383562680
383562681
383565258
383565259
383565260
384283632
384283637
384283638
384283639
384283640
384283641
384305636
384305641
384305642
384306719
384309302
384312583
386735627
388168578
388168580
388168581
388168588
388168590
388168596
388168597
388181023
388181024
389322191
389322192
389322193
389322195
389322196
389322197
389322198
389322199
389322200
389322201
389322202
389322203
389322204
389322205
389322207
389322209
389322210
389322212
389322214
389322216
389322218
389322220
389322222
389322224
400539045
400539049
400539059
400539060
400539063
401718873
402133039
402133040
402133042
402133043
402133044
402133045
402133046
402133047
402133048
402133049
402133051
404259790
404259791
404259792
404259793
406128031
406128032
406128033
406128034
406704554
407878494
407878498
407878502
407878505
407878507
407878508
407878510
407883445
408128170
408128172
408128174
408128177
408693606
408693607
408693608
408693609
408693610
409180477
409180478
409180479
409180481
409180482
409180487
409216967
411622410
411622411
411622412
411622413
411622414
411622415
411630692
411674381
411674382
411674383
411674384
411674385
411674386
411674388
411674389
411674390
411674392
411674394
411674395
411674396
411674397
411688024
411688028
411688030
411688032
411688033
411688034
411688035
411688036
411688037
411688038
411688039
411688460
411717428
411717430
411717431
411717436
411717437
411717440
411769852
411769853
411769855
411769856
411769858
411769860
411769861
411769862
411773026
411773027
411773028
411777662
413057519
413057520
413057521
413057522
413057523
414065825
414065827
414065828
414065829
414065832
414065834
414065835
414065836
414065839
414165095
414165096
414165097
414165098
414165099
414165102
414165104
414165105
414165106
414165107
414165108
414165109
414167693
414167694
414167695
414276367
414276368
414276371
414276372
414276373
414276374
414276375
414276376
414278145
414278149
414278151
414278159
414295158
414295159
414295160
414295161
414303187
414303188
414338845
414338846
414339800
414339801
414339802
414339804
414339805
414339806
414349172
414349175
414349176
414349177
414349178
414349179
414349180
414349181
414349182
414349183
414349184
414349185
414349186
414349187
414349188
414349189
414349190
414349191
414349192
414349193
414349194
414349196
414349197
414349198
414349199
414349201
414349202
414349203
414349204
414349205
414349206
414349207
414349208
414349209
414349210
414349211
414349212
414349213
414349214
414349215
414349216
414349217
414349218
414349219
414349220
414349221
414349222
414349223
414349224
414349225
414349227
415223608
415223609
415223610
415223611
415223612
415223613
415224681
415224682
415224683
415224684
415515015
415515016
415515017
415515018
415515019
415515020
415515021
415515022
415515023
415515024
415515025
415515026
415515027
415515028
415515029
415515030
415515031
415515032
415515033
415515034
416498835
421423842
421423844
421423846
421423848
421423853
421423857
421423859
421423861
421423864
421423865
421423868
427372153
427372165
427790227
428894220
435034765
435034766
435034767
435034768
435034769
435444114
435444115
435444126
435444128
435444132
435444138
436854508
436854509
436854510
436854511
436854512
445069009
451336119
451336120
451336128
451336131
451336133
451336139
451336141
451336143
451338445
451338446
451338447
451344026
451344028
451344030
451344031
451344042
451344044
451344046
451348461
451352970
452061190
452061192
452061193
452061194
452061195
452061199
452061201
452061206
452061208
452061209
452064845
452071614
452342390
452342392
452355750
452355752
452383849
452385076
452398557
452403550
452607918
452607919
452607920
452607921
452666331
452666333
452667964
452667965
452667966
452668560
452675074
452675075
452675076
452675077
452675078
452675079
452675080
452675082
452675085
452675087
452675088
452675090
452675091
452675092
452675093
452675094
452675095
452675097
452675099
452675101
452691130
452691131
452691132
452691133
452691134
452691135
452691136
452691137
452693262
453504150
453504152
453504154
455000523
455000525
455000527
455000531
455192172
455192174
455192175
455192176
458981497
458981498
458981499
458981500
458981501
458981502
458981503
458981504
458981506
458981507
458981508
458981509
458981510
459015002
459015003
459204998
459205000
459205001
459205002
459205004
459205005
459254951
459254952
459254953
459254954
459275384
459275388
459463349
459463350
459463351
459463352
459463354
459463355
459463357
459463359
459463361
459463363
459463365
459463366
459463367
459463369
459463371
459487978
459487979
459487980
459487981
459497651
459497652
459538895
459538896
460121984
461848888
461848891
461848893
461884124
461884125
461884128
461884129
462952806
462952810
462969298
462969299
462969300
462969301
462969303
462969304
462969305
462969306
462969307
462969308
462969309
462969310
462969311
462969312
462969313
462969314
462969315
483854309
483854310
493824615
494966901
494967331
494967332
494967333
494967334
494968099
494968100
494968101
494968102
494968103
494968104
497286350
497286351
497286353
497286354
497286355
497286356
498025386
498025387
498025388
498025389
498025390
498025392
502070663
502070664
502070665
502070667
505048877
505048887
505048888
505048889
526173637
526173639
526173642
526173644
528943970
530298815
530298818
530298820
530298822
530298823
530298825
530298828
530298832
530298833
530298835
530298837
530518510
530518516
530518517
530518518
530518519
530518520
530518521
530518522
530518523
530518524
530518525
530518527
530518528
530518529
530518530
530518531
530518532
530518533
530518534
530518535
530518537
530518538
530518539
530518542
530518543
530755834
530755835
542875838
542875839
542875844
542875845
542875847
542875848
542882415
542882416
542882417
542882418
542882419
542882420
542882421
542882422
542882423
542882425
542882427
542882428
542882429
542882431
542882433
542882434
542882437
542882438
542882440
542882441
542882442
542882443
542882444
542882445
542886131
542886132
542886133
542886134
542886135
542886136
542886137
542886138
542886140
542886142
542886817
542886818
542886819
543104458
543276760
543276763
543276764
543276766
543276768
543276770
543276771
543276772
543276774
543276775
543276779
543276781
543276782
543276783
545781848
545781852
548992498
548992501
548992503
548992504
548992508
548992511
609931711
609931715
626217726
26616879
26642999
26804779
28399157
28399159
32403534
39744131
39744134
39744534
80247539
80247544
84530623
84530629
84830303
84830305
87370701
87660637
87660639
87661635
125629242
165368148
174480816
179755041
180205033
190400732
199311846
216075123
222975887
222975890
222976273
223948106
224864784
249676760
284402880
284402900
296598769
296599031
297490653
300887731
301016675
301080215
301183235
304612794
305679075
306072876
306326877
307395385
307395386
307398318
340606285
340606287
345546448
351179921
353299027
378850021
378850024
388390179
390024752
390024754
392886625
392886627
392886629
409106609
409106612
409106614
437901309
452698423
452698424
487701914
573848173
573848174
26321743
26495167
26804780
39744126
39744127
39744129
39744132
39744133
39744536
39744538
70952609
84530205
84530632
84530633
87660610
87660631
87660633
94055848
94055851
94055853
94055860
94056792
94056802
94928047
125629173
125631859
134652215
134652218
180205028
219996354
223578140
223578141
223578144
223948104
340606284
31709108
31709122
39744128
39744130
199311845
340606282
34621719
34994498
38913434
135176141
247838146
247838149
247838150
247838154
25997886
32592766
34621716
34621717
34621720
34621721
34621722
38913574
84530636
135176140
223418908
247838153
32404414
84530627
135176137
135176139
135176142
135176143
135240951
223418906
223418911
247838148
586976823
32404415
32404416
32404418
32404420
32404421
84530208
135176138
223418910
223418913
247838147
340606291
32404412
32404424
32404427
222976979
223418907
223418912
222976977
222976978
223418909
