nofBus 20
newDemandSize 1
acceptedSizeArray 2 2 1 1 2 2 2 2 1 1 1 0 1 1 2 2 1 1 2 1
gridStartIndex 1 21 41 53 65 85 105 125 145 157 169 181 187 199 211 231 251 263 275 295
deadlineArray 0 46688 0 49675 0 52053 0 49675 0 0 49675 0 0 49675 0 22208 0 49675 0 26967 0 49675 0 43400 0 49675 0 21526 0 49675 38139 0 49675 0 0 49675 0 0 49675 0 49675 0 0 49675 0 0 49675 0 33827 0 49675 0 66512 0 49675 0 0 49675 0 0 49675 0 47058 0 49675 28737 0 49675
nofCarried 0 0 0 0 0 0 0 0 1 0 0 0 0 1 0 0 0 1 0 0
pickDropArray 1 -1 1 -1 1 -1 1 -1 0 1 -1 0 1 -1 1 -1 1 -1 1 -1 1 -1 1 -1 1 -1 1 -1 1 -1 -1 1 -1 0 1 -1 0 1 -1 1 -1 0 1 -1 -1 1 -1 1 -1 1 -1 -1 -1 1 -1 0 1 -1 -1 1 -1 1 -1 1 -1 0 1 -1
capacityArray 4 4 4 4 4 4 4 4 4 4 4 4 4 4 4 4 4 4 4 4
dummyArray 144 149 154 168 173 178 180 184 156 161 166 186 191 196 198 203 208 40 45 50 250 255 260 52 57 62 262 267 272 294 299 304 84 90 96 102 64 70 76 82 124 130 136 142 230 236 242 248 210 216 222 228 104 110 116 122 20 26 32 38 274 280 286 292 0 6 12 18
dummyOrder 8 10 11 9 12 13 2 16 3 17 19 5 4 7 15 14 6 1 18 0
keepAuxVar 700 701 702 703 704 705 706 707 708
